32x32
36x27
Test1.bmp
######
205,206,205,206,205,206,205,205,205,206,205,206,205,206,205,206,205,206,205,206,205,206,205,206,205,206,205,206,205,206,205,206,205,206,205,206
205,206,205,206,205,206,205,206,205,206,205,206,205,206,205,206,205,206,205,206,205,206,205,206,205,206,205,206,205,206,205,206,205,206,205,206
205,206,205,206,205,206,205,206,205,206,205,206,205,206,205,206,205,206,205,206,205,206,205,206,205,206,205,206,205,206,205,206,205,206,205,206
205,206,205,206,205,206,205,206,205,206,205,206,205,206,205,206,205,206,205,206,205,206,205,206,205,206,205,206,205,206,205,206,205,206,205,206
205,206,205,206,205,206,205,206,205,206,205,206,205,206,205,206,205,206,205,206,205,206,205,206,205,206,205,206,205,206,205,206,205,206,205,206
205,206,205,206,205,206,205,206,205,206,205,206,205,206,205,206,205,206,205,206,205,206,205,206,205,206,205,206,205,206,205,206,205,206,205,206
205,206,205,206,205,206,205,206,205,206,205,206,205,206,205,206,205,206,205,206,205,206,205,206,205,206,205,206,205,206,205,206,205,206,205,206
205,206,205,206,205,206,205,206,205,206,205,206,205,206,205,206,205,206,205,206,205,206,205,206,205,206,205,206,205,206,205,206,205,206,205,206
205,206,205,206,205,206,205,206,205,206,205,206,205,206,205,206,205,206,205,206,205,206,205,206,205,206,205,206,205,206,205,206,205,206,205,206
205,206,205,206,205,206,205,206,205,206,205,206,205,206,205,206,205,206,205,206,205,206,205,206,205,206,205,206,205,206,205,206,205,206,205,206
205,206,205,206,205,206,205,206,205,206,205,206,205,206,205,206,205,206,205,206,205,206,205,206,205,206,205,206,205,206,205,206,205,206,205,206
205,206,205,206,205,206,205,206,205,206,205,206,205,206,205,206,205,206,205,206,205,206,205,206,205,206,205,206,205,206,205,206,205,206,205,206
205,206,205,206,205,206,205,206,205,206,205,206,205,206,205,206,205,206,205,206,205,206,205,206,205,206,205,206,205,206,205,206,205,206,205,206
205,206,205,206,205,206,205,206,205,206,205,206,205,206,205,206,205,206,205,206,205,206,205,206,205,206,205,206,205,206,205,206,205,206,205,206
205,206,205,206,205,206,205,206,205,206,205,206,205,206,205,206,205,206,205,206,205,206,205,206,205,206,205,206,205,206,205,206,205,206,205,206
205,206,205,206,205,206,205,206,205,206,205,206,205,206,205,206,205,206,205,206,205,206,205,206,205,206,205,206,205,206,205,206,205,206,205,206
205,206,205,206,205,206,205,206,205,206,205,206,205,206,205,206,205,206,205,206,205,206,205,206,205,206,205,206,205,206,205,206,205,206,205,206
205,206,205,206,205,206,205,206,205,206,205,206,205,206,205,206,205,206,205,206,205,206,205,206,205,206,205,206,205,206,205,206,205,206,205,206
205,206,205,206,205,206,205,206,205,206,205,206,205,206,205,206,205,206,205,206,205,206,205,206,205,206,205,206,205,206,205,206,205,206,205,206
205,206,205,206,205,206,205,206,205,206,205,206,205,206,205,206,205,206,205,206,205,206,205,206,205,206,205,206,205,206,205,206,205,206,205,206
205,206,205,206,205,206,205,206,205,206,205,206,205,206,205,206,205,206,205,206,205,206,205,206,205,206,205,206,205,206,205,206,205,206,205,206
205,206,205,206,205,206,205,206,205,206,205,206,205,206,205,206,205,206,205,206,205,206,205,206,205,206,205,206,205,206,205,206,205,206,205,206
205,206,205,206,205,206,205,206,205,206,205,206,205,206,205,206,205,206,205,206,205,206,205,206,205,206,205,206,205,206,205,206,205,206,205,206
205,206,205,206,205,206,205,206,205,206,205,206,205,206,205,206,205,206,205,206,205,206,205,206,205,206,205,206,205,206,205,206,205,206,205,206
205,206,205,206,205,206,205,206,205,206,205,206,205,206,205,206,205,206,205,206,205,206,205,206,205,206,205,206,205,206,205,206,205,206,205,206
205,206,205,206,205,206,205,206,205,206,205,206,205,206,205,206,205,206,205,206,205,206,205,206,205,206,205,206,205,206,205,206,205,206,205,206
205,206,205,206,205,206,205,206,205,206,205,206,205,206,205,206,205,206,205,206,205,206,205,206,205,206,205,206,205,206,205,206,205,206,205,206
######